{"002_master_chef_can": {"transformations": [[[-0.1657171273824112, 0.3411090379976872, 0.9253012795238176, -0.01885703367065303], [0.983132859199075, 0.13076475086448744, 0.12786853050848845, -0.0013764268805469965], [-0.0773796798595951, 0.9308840981172902, -0.35702546270145163, 0.018971226970502575], [0.0, 0.0, 0.0, 1.0]], [[-0.3587929595227497, -0.3458876655326974, -0.8669655904528433, 0.016298440894734284], [-0.930571319385223, 0.06007591193558627, 0.36114803660376277, -0.007992526761348456], [-0.07283290282936411, 0.9363506862481858, -0.343427955513234, 0.014943913397146402], [0.0, 0.0, 0.0, 1.0]], [[-0.9887694842760832, -0.014954751755220819, 0.14869856207895174, -0.0045596985545338295], [0.13166831354964337, 0.3835207650169228, 0.9140980680473112, -0.016887426804553324], [-0.07069909597301047, 0.9234111642170966, -0.37724456209178825, 0.01697213905129563], [0.0, 0.0, 0.0, 1.0]], [[0.9955970551004633, -0.06409949401850186, 0.0683941425990347, -0.0015144444960695953], [0.03845811583191727, -0.38608054422839755, -0.9216630548605943, 0.01977396435592603], [0.08548378326878078, 0.9202353330724028, -0.38191550709964595, 0.01925690659340018], [0.0, 0.0, 0.0, 1.0]], [[-0.3649905724259508, -0.6771453365052083, -0.6389491961724539, 0.012292871276423756], [-0.9283586140836082, 0.21293981186112565, 0.3046422823268473, -0.007409034098494464], [-0.07022937915814786, 0.704365551240119, -0.7063547299546202, 0.029078437719322003], [0.0, 0.0, 0.0, 1.0]], [[0.27648944764703065, 0.8039859618467927, 0.5264600255414722, -0.011382315302422716], [0.9597541957077372, -0.2590806961004539, -0.10839315813047812, 0.00041896401405495595], [0.049249052389203435, 0.5352417828060435, -0.8432619787334027, 0.029762780550765255], [0.0, 0.0, 0.0, 1.0]], [[0.8849866991791647, 0.3813384771570134, 0.26716943709102714, -0.00516096500096128], [0.45984790361004724, -0.6257817970626153, -0.6300294024968425, 0.012789301671717213], [-0.07306468244925868, 0.6804249468564874, -0.7291662662753503, 0.029523943309923528], [0.0, 0.0, 0.0, 1.0]], [[0.9914726679104103, -0.07051826410912718, 0.10958614517195513, -0.0035569785398705395], [-0.1018774360228783, -0.9438115121824532, 0.31438959509067, -0.006822167246737232], [0.08125845688922338, -0.32287304610156986, -0.9429475379283175, 0.028781996729936976], [0.0, 0.0, 0.0, 1.0]], [[-0.6904978679052968, 0.6769641711982342, -0.2548179847109058, 0.00543622045674021], [0.7191160843776441, 0.6804542834172843, -0.1409043128099185, 0.002181388247978311], [0.07800481784867273, -0.2805378389682186, -0.9566680559626927, 0.03022259956787826], [0.0, 0.0, 0.0, 1.0]], [[0.1602823382052236, -0.9217035865289068, 0.3532309027240058, -0.008809044495715956], [-0.9841961377847767, -0.1765253613782524, -0.014027086647125986, 0.0016646868999402945], [0.0752830288245292, -0.3454001959611881, -0.9354310077183553, 0.02962518853644197], [0.0, 0.0, 0.0, 1.0]], [[0.3638623232534802, 0.39823699479931157, 0.8420282095570153, -0.016354791487777437], [0.914615303478139, 0.01835161013610065, -0.4039084859829069, 0.009901147884528269], [-0.17630387505716194, 0.9170989665126799, -0.3575561903550308, 0.020768872598879995], [0.0, 0.0, 0.0, 1.0]], [[0.6895587626337059, 0.09894455560627602, -0.7174389784441244, 0.013109891384981634], [-0.7200601851478299, -0.012480714516673153, -0.6937993669138264, 0.01040744009833472], [-0.07760182111229891, 0.9950146766158928, 0.06263984897032321, 0.013994354849166002], [0.0, 0.0, 0.0, 1.0]], [[0.8878287692728424, 0.011272927534405008, 0.4600358655108039, -0.008530056274811057], [0.4546716502248742, 0.1326433033091617, -0.8807266571241179, 0.01368254993689505], [-0.0709490446254212, 0.9910997301947155, 0.11263906016432396, 0.014547374162878712], [0.0, 0.0, 0.0, 1.0]], [[0.28447532957153776, 0.9483642292930444, 0.14028212809397528, -0.002789624063877935], [0.9575422984811733, -0.28821556388443437, 0.006673481412935597, -0.002501998575802227], [0.04676038370839365, 0.13242763054660112, -0.9900890814382596, 0.03431512421820726], [0.0, 0.0, 0.0, 1.0]], [[-0.7673450782420832, 0.10918806706643541, 0.6318698417458667, -0.0146371204160494], [0.6149660090206892, 0.4044608927751269, 0.6769255453627915, -0.011675933376686543], [-0.18165444846415557, 0.9080139603694662, -0.37750802524892185, 0.013540428190118303], [0.0, 0.0, 0.0, 1.0]], [[0.3084342800157822, -0.41922506919348923, -0.8538844396467591, 0.017317885747575756], [-0.9493085666177924, -0.07839679552901602, -0.3044128574762465, 0.001906462026529221], [0.06067569741847184, 0.9044911739815349, -0.42215420871085285, 0.017973867329238113], [0.0, 0.0, 0.0, 1.0]], [[0.8279780430972355, -0.3957547529320943, -0.3972789142158559, 0.009460572577511026], [-0.5582001590605788, -0.64929819339142, -0.5165505188104864, 0.009972151627378682], [-0.05352515832407109, 0.6494536408322731, -0.7585150135864734, 0.026983642739707547], [0.0, 0.0, 0.0, 1.0]], [[-0.7779280863211319, -0.33999576561668343, -0.5284229100592315, 0.007388323205500397], [-0.6057864915862523, 0.18245912773927586, 0.7744232649631867, -0.01451045012833331], [-0.16688504763567308, 0.9225570692739543, -0.3479049220811502, 0.019973410600122976], [0.0, 0.0, 0.0, 1.0]], [[0.0800693501242713, -0.991285759651034, -0.10460134742797857, 0.0028448462832007942], [-0.9940569484300796, -0.07164442765723988, -0.08196254793223576, 0.005831312489745097], [0.073754202921287, 0.11054238417339451, -0.9911310200234411, 0.03170543425315675], [0.0, 0.0, 0.0, 1.0]], [[-0.8814120957190672, -0.4606536752400756, -0.10445529669639891, 0.0004962597792609186], [-0.466244885214951, 0.8839175947251117, 0.036130219294525104, 0.0037499470044629057], [0.07568635630692594, 0.08054736012548301, -0.9938730795457722, 0.03045807535563455], [0.0, 0.0, 0.0, 1.0]], [[0.2526223976068445, 0.463316961114435, 0.8494229322140144, -0.023299778170246158], [0.9659061166621725, -0.17214509658552843, -0.1933686621874401, 0.007379718287140215], [0.05663301176849578, 0.8693120609224537, -0.4910083937294607, 0.012974091456599834], [0.0, 0.0, 0.0, 1.0]], [[-0.9955641930491158, -0.06302482946502846, 0.06985562532371352, -0.0013113087673245934], [-0.01955526698765411, 0.8648746848935619, 0.5016067891917967, -0.010846932488521227], [-0.09203004428720292, 0.4980157129058942, -0.8622707351217073, 0.03084010636460044], [0.0, 0.0, 0.0, 1.0]], [[-0.7648986272089472, -0.046430002271323045, -0.6424751707131975, 0.010832777886333023], [-0.6201276579262336, -0.21676904439957956, 0.7539581349551292, -0.015730472845659746], [-0.17427500672440574, 0.9751181652903289, 0.13701381591660855, 0.008694934820482336], [0.0, 0.0, 0.0, 1.0]], [[0.9809492704889492, 0.1813401227232705, -0.06967272506445926, 0.003205634417886065], [-0.08677875866942819, 0.088165918762249, -0.9923186070071456, 0.019450356842564076], [-0.17380441815728295, 0.9794603262304798, 0.10222276443870326, 0.006377581578473568], [0.0, 0.0, 0.0, 1.0]], [[-0.8284425748767521, 0.553423999670235, 0.08605101231581472, -0.007767266876819638], [0.2855812234100474, 0.28523820315585563, 0.91492214548345, -0.02395101716636741], [0.48179483700761816, 0.7825350113888951, -0.3943509743659625, 0.00861910049344633], [0.0, 0.0, 0.0, 1.0]], [[-0.2631869160935251, 0.043298923016855784, -0.9637727172226657, 0.016866259586337223], [-0.9632672623670199, -0.06706321306762902, 0.2600359719442537, -0.004923194081403409], [-0.05337441755304384, 0.9968087723924917, 0.059358595268479364, 0.004992885586966589], [0.0, 0.0, 0.0, 1.0]], [[0.6054396956463628, -0.4052297118650679, 0.6850048580538632, -0.01551581522908474], [-0.793659825145743, -0.24299339079462384, 0.5577260026032135, -0.012961893109360273], [-0.05955549416525807, -0.8813302971371658, -0.46873238682946433, 0.01335027679285733], [0.0, 0.0, 0.0, 1.0]], [[-0.8403546882909632, 0.016735510536454445, 0.541778479227887, -0.012169980818722718], [0.535491347027969, -0.12923153309625166, 0.8345946489834232, -0.014936276720609598], [0.08398223101090613, 0.9914732137282763, 0.09963860363209712, -0.002266485525641626], [0.0, 0.0, 0.0, 1.0]], [[0.7823218116874276, 0.41531125167485183, -0.4642080860889531, 0.011933609536755832], [0.5811685981589365, -0.21857754410316355, 0.7838794025408541, -0.01217886604791335], [0.22408847242122393, -0.883029116986579, -0.41236383823248246, 0.01020219090136687], [0.0, 0.0, 0.0, 1.0]], [[-0.27896363662413454, 0.45432491444222145, 0.8460308277825968, -0.01783948733645532], [0.9577583304970749, 0.19570718242278357, 0.21070756776060756, -0.008729863510495206], [-0.06984461185298063, 0.8690728225328435, -0.4897286588815311, 0.02664864904704556], [0.0, 0.0, 0.0, 1.0]], [[0.712929134116705, 0.10495385009026265, -0.6933373919520249, 0.014630692204950103], [-0.6957216367253924, -0.017889051147255974, -0.7180887034630137, 0.01103923968574963], [-0.08776932220170303, 0.9943161827106515, 0.06026503862084637, 0.0030765594161434318], [0.0, 0.0, 0.0, 1.0]], [[-0.937385307498483, -0.30105293496728697, 0.17514541282476415, -0.008499428770910339], [-0.27338738008639557, 0.3244189055434965, -0.9055449818399176, 0.016286359531702033], [0.21579649138823193, -0.8967271068020318, -0.38640958868923836, 0.006058048686839013], [0.0, 0.0, 0.0, 1.0]], [[-0.09313220759870378, -0.08817166815660588, 0.9917419769487794, -0.019464875873285298], [0.9925933403555292, 0.06981604983945436, 0.09941921276427301, -0.0014112738482260773], [-0.07800546512677742, 0.9936556124328471, 0.0810164877729152, 0.0014582110491230815], [0.0, 0.0, 0.0, 1.0]], [[0.8883440740127051, -0.045484625309388016, -0.45692007509735705, 0.0106272426815327], [0.4575548831893158, 0.004081043009410201, 0.8891720159550498, -0.01872462919170159], [-0.038578945502973416, -0.9989567027396233, 0.024437082793547338, -0.003378278556725567], [0.0, 0.0, 0.0, 1.0]], [[-0.9916579142046299, -0.061570975393902765, 0.11324131836201212, 0.0023600438357561093], [0.06451819664580645, 0.5234627323831181, 0.8496023599941172, -0.02381292909407405], [-0.11158845593024491, 0.8498210298616078, -0.5151235130607613, -0.0006174764394634158], [0.0, 0.0, 0.0, 1.0]], [[0.18050428396392343, 0.3129703831113323, -0.932452541830316, 0.02006270336245028], [0.9698901506150474, -0.2142246166167636, 0.11584864856925003, -0.003117557791410437], [-0.1634970923612779, -0.9252877135953697, -0.34221535304375406, 0.007040261199917297], [0.0, 0.0, 0.0, 1.0]], [[-0.9928949962809203, -0.06457040120921634, 0.09995093620368131, 0.0025682265281224], [0.05153143029365322, 0.5237930534927798, 0.8502854513659519, -0.02168078383796916], [-0.10725687881064735, 0.8493947847734826, -0.5167440967707394, 0.009509370530163763], [0.0, 0.0, 0.0, 1.0]], [[0.9954936896315654, -0.08705969735460616, 0.037588868036386294, -0.001545772859301648], [0.046307344857204544, 0.1003936051134045, -0.9938695859440562, 0.01948004635134465], [0.08275230338793242, 0.9911315417989975, 0.10397270379832108, -0.004945542444379503], [0.0, 0.0, 0.0, 1.0]], [[0.8356413561754157, -0.22469680889290136, -0.5012133955937915, 0.008407277073973582], [-0.5423670571763566, -0.4818118723471443, -0.6882552542154673, 0.018113447023376694], [-0.08684180525052651, 0.8469761884130426, -0.5244900734257449, 0.020506054640076377], [0.0, 0.0, 0.0, 1.0]], [[-0.6946342043780908, 0.4031445274647618, 0.5957833600254634, -0.017529703493981554], [0.7149249180766604, 0.295026732290149, 0.6339097638838492, -0.02255146475575784], [0.07978523435509532, 0.8662757743406028, -0.49315372772543437, 0.0035012858573409966], [0.0, 0.0, 0.0, 1.0]], [[-0.6663676591385741, 0.0906834511878864, -0.7400882748259368, 0.013546530810527202], [-0.7407296301486357, 0.033021099960648226, 0.6709912234725982, -0.014333507718804105], [0.08528632876400849, 0.9953321649771211, 0.045167726176046974, -0.00714566252133253], [0.0, 0.0, 0.0, 1.0]], [[-0.9364158823710321, -0.20437897185657083, -0.28522715702774964, 0.004938413422050179], [0.27687273706918425, 0.06899537219007809, -0.9584263801065636, 0.018211127093084062], [0.2155615520242418, -0.9764573080678969, -0.008021396991575145, 0.010579295866935401], [0.0, 0.0, 0.0, 1.0]], [[0.695375977932684, 0.10040301139718, -0.7115978391033388, 0.016201360484085353], [-0.7141676030155443, -0.013827471023243942, -0.6998381497518791, 0.013054433189009423], [-0.0801054562261237, 0.9948507608417854, 0.062089286799942356, -0.0067157270986116235], [0.0, 0.0, 0.0, 1.0]], [[-0.28770264466705464, 0.4779267058578336, -0.8299477405713338, 0.015275129396106354], [0.9533754307534352, 0.06047220068578277, -0.295666029465544, 0.004617910854999046], [-0.09111792516999101, -0.8763156832854802, -0.473041591131919, 0.020635157362168643], [0.0, 0.0, 0.0, 1.0]], [[-0.9774338908758432, 0.15046696647279817, -0.1482655758016133, 0.0033819737107144855], [0.20277255895133772, 0.47156620434663127, -0.8582007948344241, 0.01793818885492779], [-0.059213835407245535, -0.8688987322574391, -0.4914353617494152, 0.020901519503748023], [0.0, 0.0, 0.0, 1.0]], [[-0.7884167713680977, 0.5986089252761617, 0.1416557418717043, -0.001556369080949277], [0.3793381988629586, 0.29184174103349025, 0.878026724578442, -0.02006052200488008], [0.48425357562842086, 0.7459864293472499, -0.4571681547536196, 0.02634338977224432], [0.0, 0.0, 0.0, 1.0]], [[0.8753343906590105, 0.1985425765088608, -0.4408747552795945, 0.008193367686380876], [0.48250300637099647, -0.4177267311616992, 0.7698670189817929, -0.013248185124197814], [-0.03131378885681782, -0.8866144728043781, -0.46144796374157493, 0.023352571145774437], [0.0, 0.0, 0.0, 1.0]], [[-0.6921252270043794, 0.4036884970552085, 0.5983295642782859, -0.011582802924298837], [0.7174735629355263, 0.2944034164024352, 0.6313147510546351, -0.01775868579649567], [0.07870423516392078, 0.8662345096773052, -0.4933998557066884, 0.026381841938780126], [0.0, 0.0, 0.0, 1.0]], [[-0.5519030409654604, -0.3363953031665402, 0.7630473336435748, -0.012608272871070386], [-0.8317471475066261, 0.28789233863769964, -0.4746732391533218, 0.009062568214510028], [-0.05999763318388446, -0.8966360473242238, -0.43868449100820106, 0.021840099086397113], [0.0, 0.0, 0.0, 1.0]], [[0.16067183051918565, 0.13685512774156283, -0.9774739059885202, 0.02221158000034748], [-0.9738908787146099, -0.13893743392253988, -0.17953536089446231, 0.003052466428057482], [-0.16037805097362617, 0.9807991963015978, 0.11095862877685791, 0.0008103463596033644], [0.0, 0.0, 0.0, 1.0]], [[-0.07931151166956535, -0.08769101724875689, 0.9929853823750712, -0.018293779143056937], [0.9941359753660726, 0.06649599015406998, 0.08527570449065308, 0.0006969270216382051], [-0.07350745948293791, 0.9939258366635348, 0.08190289746435214, -0.010664430224501364], [0.0, 0.0, 0.0, 1.0]], [[0.9957176548295866, 0.0733639713869434, -0.056250151670944576, -0.00014773366355010087], [0.09153397756403889, -0.6971053881259354, 0.7111016866785617, -0.01780024102143235], [0.012956959981976626, -0.7132053039259628, -0.7008354383447662, 0.02973860625692437], [0.0, 0.0, 0.0, 1.0]], [[0.6020800462838003, -0.6582879583639693, 0.4518368972758798, -0.011769591645095431], [-0.7961343553048951, -0.4520317962817755, 0.40229012348494264, -0.00974038994762505], [-0.060578099756891934, -0.6019337330830267, -0.7962449841641552, 0.022183771838786615], [0.0, 0.0, 0.0, 1.0]], [[-0.1388788468532099, -0.09882760787119405, -0.9853658050790988, 0.020091414543980543], [0.8814040109059854, 0.4412929332069957, -0.1684859538964824, 0.003551944533914036], [0.45148603018871386, -0.8919045077944294, 0.025820796277656266, -0.0006770549835947715], [0.0, 0.0, 0.0, 1.0]], [[0.8325628689538328, -0.4346018751006638, -0.34345346030918183, 0.004643390254673599], [-0.429099217927651, -0.8981110598435175, 0.0962828404266976, -0.0018529183347950895], [-0.35030405423466343, 0.06721409335654, -0.9342212453380715, 0.03194040553191346], [0.0, 0.0, 0.0, 1.0]], [[0.8397566293363863, -0.22332191264538198, -0.4949102209673989, 0.010651997047786757], [-0.5363713877064307, -0.48279943539392023, -0.6922502723966164, 0.025475160664648694], [-0.08434772039284147, 0.8467774374153578, -0.5252175107027668, 0.0002926196974877282], [0.0, 0.0, 0.0, 1.0]], [[-0.9749024128232363, 0.06348323880936275, -0.21338969952110093, 0.00469105936026349], [0.21390892540244516, 0.0014184745372132252, -0.9768525782139077, 0.021355828743284122], [-0.06171107764902094, -0.9979818967898471, -0.014962505643635046, -0.0031681722361671105], [0.0, 0.0, 0.0, 1.0]], [[0.5569930897589417, 0.08040276676741903, 0.8266160493584259, -0.015154358300838389], [0.7604252306036487, -0.4495633544051547, -0.4686643351454992, 0.01716815569366767], [0.33393437472379983, 0.8896224960465698, -0.3115439742728072, 0.00276572535798314], [0.0, 0.0, 0.0, 1.0]], [[0.3746981977409694, -0.09833788823207196, 0.921916981266603, -0.0186968336456719], [0.9238318182561065, -0.04441118139599359, -0.38021364855121725, 0.010562520736809591], [0.07833282956261578, 0.9941616099533661, 0.07420688046027474, -0.004364849247535552], [0.0, 0.0, 0.0, 1.0]], [[0.9119066614821598, -0.027070587804245455, 0.40950387546443856, -0.007485020086264782], [-0.40941528048681597, -0.1290065196018656, 0.9031812918811567, -0.01930882923229367], [0.0283790212721223, -0.991274180626201, -0.1287250168983881, 0.007238449634288935], [0.0, 0.0, 0.0, 1.0]], [[-0.9278923437103735, -0.13103701452375796, 0.349063173807221, -0.00783107948550557], [-0.09930089552046387, 0.9892451284831297, 0.10739370522162783, -0.001953931019665331], [-0.3593815947325401, 0.06498751108556486, -0.9309250736608182, 0.032853119655601726], [0.0, 0.0, 0.0, 1.0]], [[-0.525325338646977, 0.05630104842752853, 0.8490367957405616, -0.017925508026021067], [-0.849361117268348, 0.02531551373991417, -0.5272047204234307, 0.00981180245473734], [-0.05117598116404415, -0.9980928397248652, 0.034521040567342426, 0.001968448446290738], [0.0, 0.0, 0.0, 1.0]], [[0.9253669017885735, 0.3292928381129687, 0.18778265053439397, -0.002967587125646945], [0.01731714096544712, -0.5315786594445471, 0.8468318873613113, -0.01796484846519568], [0.37867692523178514, -0.7803783413131377, -0.4976077076436383, 0.01753454390826431], [0.0, 0.0, 0.0, 1.0]], [[0.21586502710340155, -0.11873667984173075, -0.9691769141564455, 0.018832514015685628], [0.94839780324875, -0.21060455269086414, 0.23703866599950846, -0.005820796412653635], [-0.23225825467912475, -0.9703336144059131, 0.06714744885223439, -0.007047982543474551], [0.0, 0.0, 0.0, 1.0]], [[-0.7914209182933835, 0.20689497403756674, 0.5751933586244302, -0.011950383435754379], [-0.5855585925201603, 0.013444453314701038, -0.8105185879428539, 0.015777131972377567], [-0.17542538246635422, -0.978270778666655, 0.11050890820865947, -0.0034041463430128927], [0.0, 0.0, 0.0, 1.0]], [[-0.993862258005514, -0.10533081804989616, 0.033811697400766345, 0.00018254577477958], [0.04422776560677419, -0.09817834951605055, 0.9941855543286356, -0.016454535372278895], [-0.1013988010856813, 0.9895789157289295, 0.10223430286915712, -0.010035684940747802], [0.0, 0.0, 0.0, 1.0]], [[0.6211438670726563, -0.03114083969972742, 0.783077610777388, -0.015242486422603868], [-0.7817792357204505, 0.04523085967038781, 0.6219126915651635, -0.013729213417906325], [-0.05478615695935135, -0.9984910702836926, 0.0037496092265393854, -0.004299717375944256], [0.0, 0.0, 0.0, 1.0]], [[0.8237681498760467, -0.030411952848132612, 0.5661105443054012, -0.00473004335963269], [-0.5064313673401086, -0.4883034947808708, 0.7106947074228258, -0.018306305345450066], [0.25482014328506797, -0.8721438012786371, -0.4176504333380086, -0.007109808836711251], [0.0, 0.0, 0.0, 1.0]], [[0.3524593349831906, -0.005980032075853348, 0.9358080232609565, -0.018596194426275983], [-0.7361967303127868, -0.6191198437669525, 0.27332214204258354, 0.0023623114647523813], [0.5777428419807284, -0.7852737473456985, -0.22261704847040578, 0.011669736040303136], [0.0, 0.0, 0.0, 1.0]], [[-0.9611471682339972, -0.05481086454639504, 0.2705399972710959, -0.006127844107234243], [-0.2756259053395716, 0.13713160783439649, -0.9514332779751264, 0.01869823835240475], [0.015049295714728683, -0.9890352325677936, -0.14691095070845006, 0.01741754756660091], [0.0, 0.0, 0.0, 1.0]], [[-0.528297718053792, -0.8323788759719563, 0.16747217062789474, -0.007159692352276606], [-0.7998985316989374, 0.42178891173224436, -0.4269150418123176, 0.014801265637778276], [0.2847171580446811, -0.3594989857779735, -0.8886487602757169, 0.028687043963996683], [0.0, 0.0, 0.0, 1.0]], [[0.18734442371991972, 0.07358731453697143, -0.9795340596632094, 0.018513996337287175], [-0.9731676549678172, 0.1495219351382014, -0.17489398570839132, 0.0024902854896668818], [0.1335918493976735, 0.9860162767681699, 0.09962489509527717, -0.009862053662130388], [0.0, 0.0, 0.0, 1.0]], [[-0.9719134727896883, -0.08468535594181816, 0.21957365939223106, -0.005997183113033072], [-0.22647284960324277, 0.08288559836228493, -0.97048442850811, 0.014921419198601916], [0.0639863251208797, -0.9929543635400035, -0.09973656362834804, 0.02675341152952726], [0.0, 0.0, 0.0, 1.0]]], "heights": [0.02, 0.02, 0.02, 0.02, 0.02, 0.02, 0.02, 0.02, 0.02, 0.02, 0.02, 0.02, 0.02, 0.02, 0.02, 0.02, 0.02, 0.02, 0.02, 0.02, 0.02, 0.02, 0.02, 0.02, 0.02, 0.02, 0.02, 0.02, 0.02, 0.02, 0.02, 0.02, 0.02, 0.02, 0.02, 0.02, 0.02, 0.02, 0.02, 0.02, 0.02, 0.02, 0.02, 0.02, 0.02, 0.02, 0.02, 0.02, 0.02, 0.02, 0.02, 0.02, 0.02, 0.02, 0.02, 0.02, 0.02, 0.02, 0.02, 0.02, 0.02, 0.02, 0.02, 0.02, 0.02, 0.02, 0.02, 0.02, 0.02, 0.02, 0.02, 0.02, 0.02], "widths": [0.07741408348083496, 0.0764349365234375, 0.07663785934448242, 0.08190035820007324, 0.07756523609161377, 0.0758830738067627, 0.07855234622955322, 0.07955777645111084, 0.07850679397583007, 0.07693642139434814, 0.07962281703948974, 0.07739121913909912, 0.07758745193481445, 0.06958442687988281, 0.08335810661315918, 0.07947349071502685, 0.07119866371154786, 0.07916009426116943, 0.07555012702941895, 0.07235915184020997, 0.085, 0.08153172492980958, 0.07788746833801269, 0.07491715431213379, 0.08248687744140625, 0.0726171636581421, 0.07613157749176025, 0.08405878067016602, 0.085, 0.08336769104003906, 0.06890647411346436, 0.085, 0.07602087497711181, 0.0774712610244751, 0.085, 0.07384915351867676, 0.0846097469329834, 0.07823249340057373, 0.08176413536071778, 0.085, 0.08005863189697265, 0.07629112720489502, 0.07648647785186767, 0.07018378734588623, 0.07574387550354005, 0.08200634956359863, 0.07570054531097412, 0.07904067516326904, 0.06546409130096435, 0.07876724720001221, 0.07598530769348144, 0.08312775611877442, 0.07480389595031739, 0.07447668552398681, 0.07672060966491699, 0.085, 0.07648719310760498, 0.08163004875183105, 0.07792160987854004, 0.08156506538391113, 0.0817342185974121, 0.07441673278808594, 0.08162834167480469, 0.07767382621765137, 0.06759850025177001, 0.0715116310119629, 0.07457332611083985, 0.08258703231811523, 0.085, 0.07403509140014648, 0.0746708345413208, 0.07873149394989014, 0.06852017402648926], "depths": [0.02, 0.02, 0.02, 0.02, 0.02, 0.02, 0.02, 0.02, 0.02, 0.02, 0.02, 0.02, 0.02, 0.02, 0.02, 0.02, 0.02, 0.02, 0.02, 0.02, 0.02, 0.02, 0.02, 0.02, 0.02, 0.02, 0.02, 0.02, 0.02, 0.02, 0.02, 0.02, 0.02, 0.02, 0.02, 0.02, 0.02, 0.02, 0.02, 0.02, 0.02, 0.02, 0.02, 0.02, 0.02, 0.02, 0.02, 0.02, 0.02, 0.02, 0.02, 0.02, 0.02, 0.02, 0.02, 0.02, 0.02, 0.02, 0.02, 0.02, 0.02, 0.02, 0.02, 0.02, 0.02, 0.02, 0.02, 0.02, 0.02, 0.02, 0.02, 0.02, 0.02], "scores": [0.796491801738739, 0.791892409324646, 0.7872055768966675, 0.7835603952407837, 0.7830890417098999, 0.7758674025535583, 0.7706124782562256, 0.7701591849327087, 0.7647091150283813, 0.7625983953475952, 0.7524547576904297, 0.7474099397659302, 0.7377111315727234, 0.7365317940711975, 0.7347068190574646, 0.7341910600662231, 0.7337857484817505, 0.7327314019203186, 0.7302377820014954, 0.7248828411102295, 0.7247348427772522, 0.7236042618751526, 0.7184457182884216, 0.7137546539306641, 0.7128242254257202, 0.7114619016647339, 0.710143506526947, 0.7092593908309937, 0.7084254622459412, 0.7066196203231812, 0.702562153339386, 0.7002281546592712, 0.6917769312858582, 0.6901869177818298, 0.6895779967308044, 0.6871892213821411, 0.6810083985328674, 0.6698085069656372, 0.6693627834320068, 0.666061520576477, 0.6624695658683777, 0.6618272066116333, 0.6558307409286499, 0.6550173163414001, 0.654743492603302, 0.6433330774307251, 0.6429945826530457, 0.6366770267486572, 0.6261597275733948, 0.6258538365364075, 0.6250118613243103, 0.6187609434127808, 0.6180575489997864, 0.6178839802742004, 0.616218090057373, 0.6150004267692566, 0.614708662033081, 0.6140038371086121, 0.6118471622467041, 0.6065555214881897, 0.6041298508644104, 0.601223886013031, 0.5976495742797852, 0.5959086418151855, 0.5872460603713989, 0.5868657827377319, 0.5830360054969788, 0.5722076296806335, 0.5570312738418579, 0.5449795126914978, 0.5397137403488159, 0.536774754524231, 0.5267404317855835]}, "003_cracker_box": {"transformations": [[[0.997275531114871, -0.03001413163689142, -0.0673844710718668, 0.005462250014813239], [-0.03461002929880413, -0.9970775571321907, -0.06810646764617093, -0.024101500832896985], [-0.06514338731972587, 0.07025309221227463, -0.9953998403270546, 0.07559043373944929], [0.0, 0.0, 0.0, 1.0]], [[-0.9977923104223425, 0.06053902143278936, -0.027304434548334405, 0.0019505622064444669], [0.02492769805787555, 0.7224824917802188, 0.6909396926943638, -0.047898115974655944], [0.0615557887739195, 0.6887336756359506, -0.7223965731600712, 0.07002618289620133], [0.0, 0.0, 0.0, 1.0]], [[-0.9977926374049348, 0.04435694682005757, -0.0494197734647484, 0.004773031511086651], [0.02492086626574808, 0.9399228588167263, 0.34047609299091364, -0.03750436153314328], [0.061553254707360235, 0.338492955233333, -0.9389535217955871, 0.0737162839802834], [0.0, 0.0, 0.0, 1.0]], [[0.9988223497352058, -0.03426808491946809, 0.03434548042165767, -0.0010644409212158881], [-0.019457027042488168, -0.9314049744446249, -0.3634641628530593, 0.03730585986626203], [0.044444772112254456, 0.3623678682440808, -0.930974860184812, 0.07334998635928935], [0.0, 0.0, 0.0, 1.0]], [[0.9986428695995956, -0.049664796351829854, 0.015678871171630034, -0.0012398303155991205], [-0.023956337624960147, -0.7053580441254116, -0.708446274233391, 0.04808014429540523], [0.04624405783972922, 0.7071092119262097, -0.7055905679100386, 0.06990824835757575], [0.0, 0.0, 0.0, 1.0]], [[0.9993729230326616, -0.0353643874216878, -0.001766581852793641, -0.0010803020711445885], [0.003534867274112237, 0.1492864820929612, -0.9887876672863909, 0.05491953354210413], [0.03523159693383569, 0.9881613766822688, 0.1493178763942717, 0.02114346768592168], [0.0, 0.0, 0.0, 1.0]], [[-0.9991423120850846, 0.007481161228125718, 0.040726802329048226, -0.0010522352410570548], [0.009255259662116993, 0.9990084564198114, 0.043548182169774255, 0.027088380883572682], [-0.0403606289576534, 0.043887768550973774, -0.9982208590295827, 0.07439288824480328], [0.0, 0.0, 0.0, 1.0]], [[-0.9979138294472243, 0.05797544087164992, -0.028404880807950214, 0.004315716274137991], [0.022307264923290465, 0.7225177457353997, 0.6909923972295775, -0.05574554882451621], [0.06058361931758592, 0.6889172340369878, -0.7223037240089571, 0.055442783088470504], [0.0, 0.0, 0.0, 1.0]], [[-0.9983705648010445, 0.0544037507257502, 0.017217643445424726, -0.0008219609666943531], [0.010306550463182768, -0.12484893249284627, 0.9921222299056435, -0.05521107453029592], [0.05612477488946578, 0.9906830855335963, 0.12408478424544907, -0.004172328861913321], [0.0, 0.0, 0.0, 1.0]], [[0.9975171753315347, -0.025864645151218627, -0.06550194691608631, 0.005863910669226354], [-0.03032914890311488, -0.9972168695508085, -0.0681076927380358, -0.011540439001191588], [-0.0635580651484053, 0.06992521157985546, -0.9955254075813956, 0.07428814492527602], [0.0, 0.0, 0.0, 1.0]], [[0.9758676392801987, 0.1180696512609606, 0.18368970590865014, -0.0016609998364674472], [0.2125658829793433, -0.321102639818312, -0.9228807290733309, 0.053982716800356295], [-0.04998095636243234, 0.9396556029486686, -0.33845125475948523, -0.0044821074533595295], [0.0, 0.0, 0.0, 1.0]], [[-0.9968739944822849, -0.03238739129592623, -0.07206452671028327, 0.0022087330621467192], [-0.07886088257939622, 0.35227791588073515, 0.9325670116305442, -0.055233058997461754], [-0.004816671436920876, 0.9353348741855878, -0.35373079143396385, 0.0449849100931603], [0.0, 0.0, 0.0, 1.0]], [[0.9988629758215348, -0.044120414624560886, 0.018059472481363678, -0.002635806328655989], [-0.018348155104915644, -0.7054191252689797, -0.7085528935153633, 0.05072143466498716], [0.044001144725952936, 0.7074158937415138, -0.7054265748784214, 0.05950938671045353], [0.0, 0.0, 0.0, 1.0]], [[-0.9785133840497029, 0.001903469766904739, -0.20617452325262076, 0.0071228367258467425], [-0.2045900145617509, -0.1330367435538526, 0.969764997721721, -0.05461112482681832], [-0.025582868823131003, 0.9911092783681491, 0.13056766504516165, 0.02309643151772811], [0.0, 0.0, 0.0, 1.0]], [[0.9989320615237574, -0.04029363291043522, -0.022608839129315127, -0.002525505801813703], [-0.01636542096707817, 0.149038993401081, -0.9886958842043204, 0.0555312390604545], [0.04320774764398715, 0.988010020998204, 0.1482204066606953, 0.03647897944096723], [0.0, 0.0, 0.0, 1.0]], [[0.9978563368771297, 0.06535310910719272, 0.0034208309193534585, -0.00023148258345927382], [0.06544157114918328, -0.9961869227202763, -0.057697623578721914, 0.021964057996288797], [-0.000362932062268852, 0.057797803860777174, -0.9983282436900144, 0.07254333687709463], [0.0, 0.0, 0.0, 1.0]], [[-0.998765363774882, 0.018943357525978092, 0.04592273216251593, 0.0008927640179139593], [0.020950875531216568, 0.9988278197769737, 0.04363538992666897, -9.088013039913745e-05], [-0.04504230165192135, 0.044543637539158625, -0.9979915106936917, 0.07444736312646782], [0.0, 0.0, 0.0, 1.0]], [[-0.9415675843890531, -0.2047151576156387, -0.2674737151014413, 0.005940499848718753], [-0.05401828576973744, 0.8756036311049752, -0.48000031874810367, 0.03510040874758989], [0.3324642970760346, -0.4375042690513846, -0.8354983577072735, 0.0692140127576108], [0.0, 0.0, 0.0, 1.0]], [[-0.8943866924901667, -0.2765661319244751, 0.3515446187453788, -0.010812221990414659], [0.048095690669140795, 0.7219162112922779, 0.6903070247451212, 0.001732197932052898], [-0.4447013029389033, 0.6343091979040955, -0.6323706133421325, 0.0764571542448193], [0.0, 0.0, 0.0, 1.0]], [[-0.9982360468047542, 0.030283590274672458, 0.051065634429544496, -0.0014759164633273009], [0.03252566351546279, 0.9985167645039992, 0.043661793565351464, 0.016033318535514027], [-0.04966765620094238, 0.0452457198477407, -0.9977404215340602, 0.07474822169442291], [0.0, 0.0, 0.0, 1.0]], [[-0.9970124967372681, -0.06849045852694899, 0.035709080644663764, 0.008437218861110412], [-0.06053229928606072, 0.9800003594709129, 0.18956565137182468, -0.025106899903429236], [-0.047978350251562336, 0.18683777061303664, -0.981218490133308, 0.07086487466478852], [0.0, 0.0, 0.0, 1.0]], [[0.9963889664740475, -0.05101902266544521, -0.06786815759280829, 0.0014469649452833258], [-0.059611739649503545, 0.14883978656098917, -0.9870628948716688, 0.05398217814025838], [0.06046046629607879, 0.9875443166069774, 0.14526098840541724, -0.014232373611654414], [0.0, 0.0, 0.0, 1.0]], [[0.9734716998356207, 0.01857229376769108, 0.22805244906238975, -0.0056254236183782], [0.2223366768854167, 0.1585766205113689, -0.9619874518613759, 0.054547380496044795], [-0.054030100228456904, 0.9871719836641434, 0.1502405502449422, -0.0242697234265134], [0.0, 0.0, 0.0, 1.0]], [[0.9621105506036354, -0.2217199984070796, 0.15869319684074196, -0.008680629123655125], [-0.2637589373769243, -0.9043208966877199, 0.3356112911803092, -0.0375931687995254], [0.06909783911936454, -0.3647519131139454, -0.9285373070096599, 0.07020907429773454], [0.0, 0.0, 0.0, 1.0]], [[-0.8879904170177714, -0.3191590142589448, 0.3310748297618886, -0.012217776724282422], [0.00506675551575686, 0.7131099189650786, 0.7010339303216091, -0.014158274946542093], [-0.4598340431863961, 0.6241888873497172, -0.6316176736254092, 0.0744254396861237], [0.0, 0.0, 0.0, 1.0]], [[0.9952132211300739, -0.05678481153085733, -0.07953697044336229, 0.0013484066329886493], [-0.06224219770784154, -0.9957484470094491, -0.06790389607945092, -0.00031614451285559564], [-0.07534290485773189, 0.07252941098393063, -0.9945164308496484, 0.074269221901481], [0.0, 0.0, 0.0, 1.0]], [[0.8943867133440175, -0.2514467594256855, 0.3699282824656796, -0.010073080751067161], [-0.04809564865397288, -0.8763019311323805, -0.4793555403604035, 0.0016025008571424748], [0.4447012655415316, 0.41093728556554987, -0.7958462990790232, 0.07534387268498038], [0.0, 0.0, 0.0, 1.0]], [[0.8879904383378916, -0.21905476118533987, 0.40433648490151464, -0.011569777666034757], [-0.0050667125229495735, -0.8838634251906576, -0.4677176221123684, -0.012702138862116213], [0.4598340024886033, 0.4132801195463825, -0.785972157867592, 0.07407252665623898], [0.0, 0.0, 0.0, 1.0]], [[0.8705626637965154, 0.2144711151309154, -0.4428575269519728, 0.012011760124146162], [-0.09942150124360846, -0.8047800223048285, -0.5851875603509588, 0.0008246352628019926], [-0.4819087190474798, 0.5534720015263116, -0.679288399748204, 0.07253127257406122], [0.0, 0.0, 0.0, 1.0]], [[-0.9397964016157635, 0.08129597942546726, 0.33192421912134823, -0.01615966235632798], [0.339725391898022, 0.32743280387876983, 0.8816883899903768, -0.051626616739801096], [-0.03700515652984321, 0.941370661680797, -0.33533847932627825, -0.005995611599694195], [0.0, 0.0, 0.0, 1.0]], [[0.8942564680226989, -0.25065954453341915, 0.37077643147032235, -0.009077783489923108], [-0.047043092695523245, -0.8765039504970752, -0.4790905678393818, 0.013591299760878917], [0.44507563045982224, 0.410987369024061, -0.7956111271679601, 0.07394951942462646], [0.0, 0.0, 0.0, 1.0]], [[0.9789232091214608, 0.01822627174476847, -0.20341374993256076, -0.0017409720121204023], [0.1941377357519704, -0.3922571330837976, 0.8991356299813603, -0.04472822075454701], [-0.06340260405092693, -0.9196750211695245, -0.38752801864690456, 0.06768919113060284], [0.0, 0.0, 0.0, 1.0]], [[-0.9739106598277609, 0.0638183478324883, -0.21777338026900037, 0.008971127696540496], [0.023554328626177783, 0.9828871756314714, 0.18269645202400364, -0.014966422404598778], [0.22570604838334554, 0.17280051637399868, -0.9587474960927169, 0.07423499704282832], [0.0, 0.0, 0.0, 1.0]], [[-0.9531845832013319, 0.05083204317775257, 0.29808598379272766, -0.013224474639309175], [0.29733336322675347, 0.33705733761496526, 0.8933001859801546, -0.04986026889262761], [-0.055063794453076825, 0.9401108735390131, -0.3363919202271999, 0.051375209906416974], [0.0, 0.0, 0.0, 1.0]], [[-0.9462174406630188, 0.19460059641806748, 0.25846307832814, -0.009708264899594927], [0.3203428956707577, 0.6754120032350195, 0.664228164924773, -0.0521693064645736], [-0.04530986844385944, 0.7113010851670267, -0.7014255356499433, -0.018915141320579087], [0.0, 0.0, 0.0, 1.0]], [[0.8943258438600609, -0.25107790462464136, 0.3703257630968838, -0.011531368556734617], [-0.04760242372192207, -0.8763967029776126, -0.47923149757269595, 0.034997967355675286], [0.4448767180464588, 0.41096070958094005, -0.795736137749783, 0.07455177185993428], [0.0, 0.0, 0.0, 1.0]], [[0.9744077998390432, 0.09405557914900273, -0.20416411938384388, 0.006822315957407076], [-0.0493047656642536, -0.7967092536295373, -0.6023482425174479, 0.0412970922697551], [-0.21931365597159658, 0.5969990897916101, -0.7716823226512066, 0.06744423375169628], [0.0, 0.0, 0.0, 1.0]], [[-0.9922468665151797, -0.004761311683150131, -0.12419132740196903, 0.011476359052175589], [-0.12237863598792045, -0.13680849128274614, 0.9830091078757484, -0.055256196391910456], [-0.021670840882236732, 0.9905860722945758, 0.13516511395867686, -0.006379232616235353], [0.0, 0.0, 0.0, 1.0]], [[0.9757951202256643, 0.01624859511546929, 0.21808224710084723, -0.00472952494826144], [0.2128690236786701, 0.15791769813918632, -0.964234815474172, 0.05641962638918124], [-0.050106507580066115, 0.9873185827133988, 0.15063649666310752, 0.007173841344721654], [0.0, 0.0, 0.0, 1.0]], [[0.979521108567373, -0.08201420392994466, -0.18388058142360234, -0.004861630955992544], [0.1906970726736373, 0.08488468035725888, 0.9779719921932076, -0.05156510383756864], [-0.06459895002745858, -0.9930096985399405, 0.09878620481102846, 0.0208593530801241], [0.0, 0.0, 0.0, 1.0]], [[-0.9975331672587716, 0.06731118071730646, -0.019919467089398974, 0.001994642377117002], [0.018295039487326508, -0.02466401454844131, -0.9995283777444798, 0.053690078700254495], [-0.06777072929252498, -0.9974271358534398, 0.023371711840661384, 0.037568818682680916], [0.0, 0.0, 0.0, 1.0]], [[-0.9974079097420151, 0.0680751839207949, -0.023307314693334018, -1.0144519581568867e-05], [0.021604521944644878, -0.025643517918585726, -0.9994376692021881, 0.052562957543037914], [-0.06863458469028216, -0.9973505799481489, 0.02410631580070592, 0.00955542204878207], [0.0, 0.0, 0.0, 1.0]], [[-0.870697715291771, -0.009910278672398118, -0.49171869494897796, 0.010326261249059429], [0.10656405516525119, 0.9722444157494108, -0.20829041790448383, 0.02587234474720003], [0.4801349713699555, -0.2337575291209304, -0.8454749120150462, 0.06923540592254906], [0.0, 0.0, 0.0, 1.0]], [[-0.9993700804407017, -0.010456100883782429, 0.033913305268776936, -0.0011098126156353083], [-0.02209483223218511, 0.9311314628826475, -0.3640137596556652, 0.0567620946332173], [-0.0277715809520575, -0.36453376905895696, -0.9307759507567297, 0.018432071061583788], [0.0, 0.0, 0.0, 1.0]], [[0.9948713478215427, 0.09851109865988106, -0.022946998160321638, 0.002902299305210635], [0.10029557030579084, -0.9313636459355541, 0.35000365370474074, -0.05468953322723384], [0.013107244591552946, -0.35051008897099534, -0.9364672325654337, 0.060826289942146505], [0.0, 0.0, 0.0, 1.0]], [[0.8948682989079131, -0.25442699246988165, 0.36671192114845264, -0.011561863938934863], [-0.05208352572528993, -0.875528800490472, -0.4803505239507275, 0.04801443095856779], [0.44328098758877665, 0.41075080646840634, -0.7967344231473075, 0.06737961566327022], [0.0, 0.0, 0.0, 1.0]], [[0.9918068555021222, -0.061498395556620206, -0.11196923114388957, 0.0006910082462519285], [-0.10179445486281047, 0.14909445130031684, -0.9835693842076626, 0.053609154606073656], [0.07718193012730076, 0.9869087049648609, 0.1416127032663579, -0.03348273419738229], [0.0, 0.0, 0.0, 1.0]], [[-0.9867392518324476, -0.013557887717835587, -0.1617461980195276, 0.007619646147826807], [-0.15834606985140304, -0.138569906205414, 0.9776118367004553, -0.05521773714855993], [-0.035667507002260054, 0.9902598470981511, 0.1345855273400168, -0.01864508952723426], [0.0, 0.0, 0.0, 1.0]], [[-0.9979356497804887, 0.05881887493125515, 0.02578330562623163, 0.0012315245169276373], [0.004084974323831963, 0.4587956574723093, -0.8885324179056864, 0.04941677683130748], [-0.06409174581775673, -0.886592851672273, -0.45808881614994623, 0.06502092652217245], [0.0, 0.0, 0.0, 1.0]], [[0.8907328011882154, -0.04651373030565735, 0.45214107287488103, -0.010830721369609046], [-0.021756321278143222, -0.9979729473532044, -0.05980517398688177, 0.026389805853249668], [0.4540063208500936, 0.04343350370637349, -0.8899392065663536, 0.07960088463636111], [0.0, 0.0, 0.0, 1.0]], [[0.9989320620013808, -0.030941762543135704, 0.03431242976523259, -0.0031926703965991995], [-0.016365421148934602, -0.9314487054000338, -0.3635044459139663, 0.05555389890099219], [0.04320773653279954, 0.3625547083397564, -0.9309603509088809, 0.03782337611487929], [0.0, 0.0, 0.0, 1.0]], [[0.8705928320134798, 0.21314945194689722, -0.44343593898271966, 0.013031505508336235], [-0.10079020583917535, -0.8049059652693441, -0.5847800624856513, 0.012949999663979916], [-0.48156978233029285, 0.5537993302709591, -0.6792619866721467, 0.07192241049330317], [0.0, 0.0, 0.0, 1.0]], [[-0.9289585998533019, -0.046074918320196556, 0.36730507981837196, -0.012620583941178085], [0.2508592109860235, 0.6513024970736219, 0.7161527166527646, -0.043973176449243576], [-0.2722233935980946, 0.7574180874572856, -0.5934747381064209, 0.06699320158317151], [0.0, 0.0, 0.0, 1.0]], [[0.9875685754962846, 0.03920751131909087, -0.1522204971362346, -0.001226309299009542], [0.13199816604167033, -0.732674767886508, 0.667655726152399, 0.008742094775002818], [-0.0853